Matricule	Neurones	Pourriels	Note (/10)
?133651		5.0		0.0		5.0
?079646		5.0		5.0		10.0
?109837		5.0		5.0		10.0
?041348		5.0		5.0		10.0
?007803		5.0		5.0		10.0
?038112		2.5		5.0		7.5
?065143		5.0		5.0		10.0
?057955		5.0		5.0		10.0
?095659		5.0		5.0		10.0
?143908		5.0		5.0		10.0
?262609		5.0		5.0		10.0
?053980		5.0		5.0		10.0
?116017		5.0		5.0		10.0
?053307		5.0		5.0		10.0
?180895		5.0		5.0		10.0
?201319		0.0		0.0		0.0
?062976		5.0		5.0		10.0
?068355		5.0		5.0		10.0
?081644		5.0		5.0		10.0
?075971		5.0		5.0		10.0
?835945		5.0		5.0		10.0
?101338		5.0		5.0		10.0
?044043		4.0		5.0		9.0
?031180		0.0		5.0		5.0
?123997		5.0		5.0		10.0
?664060		0.0		0.0		0.0
?076079		5.0		5.0		10.0
Moyenne:	4.3148		4.4444		8.7592
